0.0,216,0,6000
60.0,216,0,6000
120.0,216,0,6000
180.0,216,0,6000
240.0,216,0,6000
300.0,216,0,6000
360.0,216,0,6000
420.0,216,0,6000
480.0,216,0,6000
540.0,216,0,6000
600.0,216,0,6000
660.0,216,0,6000
720.0,216,0,6000
780.0,216,0,6000
840.0,216,0,6000
900.0,216,0,6000
960.0,216,0,6000
1020.0,216,0,6000
1080.0,216,0,6000
1140.0,216,0,6000
1200.0,216,0,6000
1260.0,216,0,6000
1320.0,216,0,6000
1380.0,216,0,6000
1440.0,216,0,6000
1500.0,216,0,6000
1560.0,216,0,6000
1620.0,216,0,6000
1680.0,216,0,6000
1740.0,216,0,6000
1800.0,216,0,6000
1860.0,216,0,5700
1920.0,216,0,5400
1980.0,216,0,5100
2040.0,216,0,4800
2100.0,216,0,4500
2160.0,216,0,4200
2220.0,216,0,3900
2280.0,216,0,3600
2340.0,216,0,3300
2400.0,216,0,3000
2460.0,216,0,3300
2520.0,216,0,3600
2580.0,216,0,3900
2640.0,216,0,4200
2700.0,216,0,4500
2760.0,216,0,4800
2820.0,216,0,5100
2880.0,216,0,5400
2940.0,216,0,5700
3000.0,216,0,6000
3060.0,216,0,6000
3120.0,216,0,6000
3180.0,216,0,6000
3240.0,216,0,6000
3300.0,216,0,6000
3360.0,216,0,6000
3420.0,216,0,6000
3480.0,216,0,6000
3540.0,216,0,6000
3600.0,216,0,6000
3660.0,216,0,5700
3720.0,216,0,5400
3780.0,216,0,5100
3840.0,216,0,4800
3900.0,216,0,4500
3960.0,216,0,4200
4020.0,216,0,3900
4080.0,216,0,3600
4140.0,216,0,3300
4200.0,216,0,3000
4260.0,216,0,3000
4320.0,216,0,3000
4380.0,216,0,3000
4440.0,216,0,3000
4500.0,216,0,3000
4560.0,216,0,3000
4620.0,216,0,3000
4680.0,216,0,3000
4740.0,216,0,3000
4800.0,216,0,3000
4860.0,216,0,3000
4920.0,216,0,3000
4980.0,216,0,3000
5040.0,216,0,3000
5100.0,216,0,3000
5160.0,216,0,3000
5220.0,216,0,3000
5280.0,216,0,3000
5340.0,216,0,3000
5400.0,216,0,3000
5460.0,216,0,3000
5520.0,216,0,3000
5580.0,216,0,3000
5640.0,216,0,3000
5700.0,216,0,3000
5760.0,216,0,3000
5820.0,216,0,3000
5880.0,216,0,3000
5940.0,216,0,3000
6000.0,216,0,3000
6060.0,216,0,3300
6120.0,216,0,3600
6180.0,216,0,3900
6240.0,216,0,4200
6300.0,216,0,4500
6360.0,216,0,4800
6420.0,216,0,5100
6480.0,216,0,5400
6540.0,216,0,5700
6600.0,216,0,6000
6660.0,216,0,6000
6720.0,216,0,6000
6780.0,216,0,6000
6840.0,216,0,6000
6900.0,216,0,6000
6960.0,216,0,6000
7020.0,216,0,6000
7080.0,216,0,6000
7140.0,216,0,6000
7200.0,216,0,6000
7260.0,216,0,5700
7320.0,216,0,5400
7380.0,216,0,5100
7440.0,216,0,4800
7500.0,216,0,4500
7560.0,216,0,4200
7620.0,216,0,3900
7680.0,216,0,3600
7740.0,216,0,3300
7800.0,216,0,3000
7860.0,216,0,3300
7920.0,216,0,3600
7980.0,216,0,3900
8040.0,216,0,4200
8100.0,216,0,4500
8160.0,216,0,4800
8220.0,216,0,5100
8280.0,216,0,5400
8340.0,216,0,5700
8400.0,216,0,6000
8460.0,216,0,5700
8520.0,216,0,5400
8580.0,216,0,5100
8640.0,216,0,4800
8700.0,216,0,4500
8760.0,216,0,4200
8820.0,216,0,3900
8880.0,216,0,3600
8940.0,216,0,3300
9000.0,216,0,3000
9060.0,216,0,3000
9120.0,216,0,3000
9180.0,216,0,3000
9240.0,216,0,3000
9300.0,216,0,3000
9360.0,216,0,3000
9420.0,216,0,3000
9480.0,216,0,3000
9540.0,216,0,3000
9600.0,216,0,3000
9660.0,216,0,3000
9720.0,216,0,3000
9780.0,216,0,3000
9840.0,216,0,3000
9900.0,216,0,3000
9960.0,216,0,3000
10020.0,216,0,3000
10080.0,216,0,3000
10140.0,216,0,3000
10200.0,216,0,3000
10260.0,216,0,3300
10320.0,216,0,3600
10380.0,216,0,3900
10440.0,216,0,4200
10500.0,216,0,4500
10560.0,216,0,4800
10620.0,216,0,5100
10680.0,216,0,5400
10740.0,216,0,5700
10800.0,216,0,6000
10860.0,216,0,6000
10920.0,216,0,6000
10980.0,216,0,6000
11040.0,216,0,6000
11100.0,216,0,6000
11160.0,216,0,6000
11220.0,216,0,6000
11280.0,216,0,6000
11340.0,216,0,6000
11400.0,216,0,6000
11460.0,216,0,5700
11520.0,216,0,5400
11580.0,216,0,5100
11640.0,216,0,4800
11700.0,216,0,4500
11760.0,216,0,4200
11820.0,216,0,3900
11880.0,216,0,3600
11940.0,216,0,3300
12000.0,216,0,3000
12060.0,216,0,3300
12120.0,216,0,3600
12180.0,216,0,3900
12240.0,216,0,4200
12300.0,216,0,4500
12360.0,216,0,4800
12420.0,216,0,5100
12480.0,216,0,5400
12540.0,216,0,5700
12600.0,216,0,6000
12660.0,216,0,5700
12720.0,216,0,5400
12780.0,216,0,5100
12840.0,216,0,4800
12900.0,216,0,4500
12960.0,216,0,4200
13020.0,216,0,3900
13080.0,216,0,3600
13140.0,216,0,3300
13200.0,216,0,3000
13260.0,216,0,3300
13320.0,216,0,3600
13380.0,216,0,3900
13440.0,216,0,4200
13500.0,216,0,4500
13560.0,216,0,4800
13620.0,216,0,5100
13680.0,216,0,5400
13740.0,216,0,5700
13800.0,216,0,6000
13860.0,216,0,6000
13920.0,216,0,6000
13980.0,216,0,6000
14040.0,216,0,6000
14100.0,216,0,6000
14160.0,216,0,6000
14220.0,216,0,6000
14280.0,216,0,6000
14340.0,216,0,6000
14400.0,216,0,6000
14460.0,216,0,6000
14520.0,216,0,6000
14580.0,216,0,6000
14640.0,216,0,6000
14700.0,216,0,6000
14760.0,216,0,6000
14820.0,216,0,6000
14880.0,216,0,6000
14940.0,216,0,6000
15000.0,216,0,6000
15060.0,216,0,5700
15120.0,216,0,5400
15180.0,216,0,5100
15240.0,216,0,4800
15300.0,216,0,4500
15360.0,216,0,4200
15420.0,216,0,3900
15480.0,216,0,3600
15540.0,216,0,3300
15600.0,216,0,3000
15660.0,216,0,3000
15720.0,216,0,3000
15780.0,216,0,3000
15840.0,216,0,3000
15900.0,216,0,3000
15960.0,216,0,3000
16020.0,216,0,3000
16080.0,216,0,3000
16140.0,216,0,3000
16200.0,216,0,3000
16260.0,216,0,3000
16320.0,216,0,3000
16380.0,216,0,3000
16440.0,216,0,3000
16500.0,216,0,3000
16560.0,216,0,3000
16620.0,216,0,3000
16680.0,216,0,3000
16740.0,216,0,3000
16800.0,216,0,3000
16860.0,216,0,3000
16920.0,216,0,3000
16980.0,216,0,3000
17040.0,216,0,3000
17100.0,216,0,3000
17160.0,216,0,3000
17220.0,216,0,3000
17280.0,216,0,3000
17340.0,216,0,3000
17400.0,216,0,3000
17460.0,216,0,3300
17520.0,216,0,3600
17580.0,216,0,3900
17640.0,216,0,4200
17700.0,216,0,4500
17760.0,216,0,4800
17820.0,216,0,5100
17880.0,216,0,5400
17940.0,216,0,5700
18000.0,216,0,6000
18060.0,216,0,5700
18120.0,216,0,5400
18180.0,216,0,5100
18240.0,216,0,4800
18300.0,216,0,4500
18360.0,216,0,4200
18420.0,216,0,3900
18480.0,216,0,3600
18540.0,216,0,3300
18600.0,216,0,3000
18660.0,216,0,3000
18720.0,216,0,3000
18780.0,216,0,3000
18840.0,216,0,3000
18900.0,216,0,3000
18960.0,216,0,3000
19020.0,216,0,3000
19080.0,216,0,3000
19140.0,216,0,3000
19200.0,216,0,3000
19260.0,216,0,3000
19320.0,216,0,3000
19380.0,216,0,3000
19440.0,216,0,3000
19500.0,216,0,3000
19560.0,216,0,3000
19620.0,216,0,3000
19680.0,216,0,3000
19740.0,216,0,3000
19800.0,216,0,3000
19860.0,216,0,3300
19920.0,216,0,3600
19980.0,216,0,3900
20040.0,216,0,4200
20100.0,216,0,4500
20160.0,216,0,4800
20220.0,216,0,5100
20280.0,216,0,5400
20340.0,216,0,5700
20400.0,216,0,6000
20460.0,216,0,6000
20520.0,216,0,6000
20580.0,216,0,6000
20640.0,216,0,6000
20700.0,216,0,6000
20760.0,216,0,6000
20820.0,216,0,6000
20880.0,216,0,6000
20940.0,216,0,6000
21000.0,216,0,6000
21060.0,216,0,5700
21120.0,216,0,5400
21180.0,216,0,5100
21240.0,216,0,4800
21300.0,216,0,4500
21360.0,216,0,4200
21420.0,216,0,3900
21480.0,216,0,3600
21540.0,216,0,3300
21600.0,216,0,3000
21660.0,216,0,3300
21720.0,216,0,3600
21780.0,216,0,3900
21840.0,216,0,4200
21900.0,216,0,4500
21960.0,216,0,4800
22020.0,216,0,5100
22080.0,216,0,5400
22140.0,216,0,5700
22200.0,216,0,6000
22260.0,216,0,6000
22320.0,216,0,6000
22380.0,216,0,6000
22440.0,216,0,6000
22500.0,216,0,6000
22560.0,216,0,6000
22620.0,216,0,6000
22680.0,216,0,6000
22740.0,216,0,6000
22800.0,216,0,6000
22860.0,216,0,5700
22920.0,216,0,5400
22980.0,216,0,5100
23040.0,216,0,4800
23100.0,216,0,4500
23160.0,216,0,4200
23220.0,216,0,3900
23280.0,216,0,3600
23340.0,216,0,3300
23400.0,216,0,3000
23460.0,216,0,3000
23520.0,216,0,3000
23580.0,216,0,3000
23640.0,216,0,3000
23700.0,216,0,3000
23760.0,216,0,3000
23820.0,216,0,3000
23880.0,216,0,3000
23940.0,216,0,3000
24000.0,216,0,3000
24060.0,216,0,3000
24120.0,216,0,3000
24180.0,216,0,3000
24240.0,216,0,3000
24300.0,216,0,3000
24360.0,216,0,3000
24420.0,216,0,3000
24480.0,216,0,3000
24540.0,216,0,3000
24600.0,216,0,3000
24660.0,216,0,3300
24720.0,216,0,3600
24780.0,216,0,3900
24840.0,216,0,4200
24900.0,216,0,4500
24960.0,216,0,4800
25020.0,216,0,5100
25080.0,216,0,5400
25140.0,216,0,5700
25200.0,216,0,6000
25260.0,216,0,5400
25320.0,216,0,4800
25380.0,216,0,4200
25440.0,216,0,3600
25500.0,216,0,3000
25560.0,216,0,2400
25620.0,216,0,1800
25680.0,216,0,1200
25740.0,216,0,599
25800.0,216,0,0
25860.0,216,0,300
25920.0,216,0,600
25980.0,216,0,900
26040.0,216,0,1200
26100.0,216,0,1500
26160.0,216,0,1800
26220.0,216,0,2100
26280.0,216,0,2400
26340.0,216,0,2700
26400.0,216,0,3000
26460.0,216,0,3300
26520.0,216,0,3600
26580.0,216,0,3900
26640.0,216,0,4200
26700.0,216,0,4500
26760.0,216,0,4800
26820.0,216,0,5100
26880.0,216,0,5400
26940.0,216,0,5700
27000.0,216,0,6000
27060.0,216,0,5700
27120.0,216,0,5400
27180.0,216,0,5100
27240.0,216,0,4800
27300.0,216,0,4500
27360.0,216,0,4200
27420.0,216,0,3900
27480.0,216,0,3600
27540.0,216,0,3300
27600.0,216,0,3000
27660.0,216,0,3600
27720.0,216,0,4199
27780.0,216,0,4800
27840.0,216,0,5400
27900.0,216,0,5999
27960.0,216,0,6600
28020.0,216,0,7200
28080.0,216,0,7799
28140.0,216,0,8399
28200.0,216,0,9000
28260.0,216,0,8400
28320.0,216,0,7800
28380.0,216,0,7200
28440.0,216,0,6600
28500.0,216,0,6000
28560.0,216,0,5400
28620.0,216,0,4800
28680.0,216,0,4200
28740.0,216,0,3600
28800.0,216,0,3000
28860.0,216,0,3300
28920.0,216,0,3600
28980.0,216,0,3900
29040.0,216,0,4200
29100.0,216,0,4500
29160.0,216,0,4800
29220.0,216,0,5100
29280.0,216,0,5400
29340.0,216,0,5700
29400.0,216,0,6000
29460.0,216,0,5700
29520.0,216,0,5400
29580.0,216,0,5100
29640.0,216,0,4800
29700.0,216,0,4500
29760.0,216,0,4200
29820.0,216,0,3900
29880.0,216,0,3600
29940.0,216,0,3300
30000.0,216,0,3000
30060.0,216,0,3000
30120.0,216,0,3000
30180.0,216,0,3000
30240.0,216,0,3000
30300.0,216,0,3000
30360.0,216,0,3000
30420.0,216,0,3000
30480.0,216,0,3000
30540.0,216,0,3000
30600.0,216,0,3000
30660.0,216,0,3600
30720.0,216,0,4199
30780.0,216,0,4800
30840.0,216,0,5400
30900.0,216,0,5999
30960.0,216,0,6600
31020.0,216,0,7200
31080.0,216,0,7799
31140.0,216,0,8399
31200.0,216,0,9000
31260.0,216,0,8700
31320.0,216,0,8400
31380.0,216,0,8100
31440.0,216,0,7800
31500.0,216,0,7500
31560.0,216,0,7200
31620.0,216,0,6900
31680.0,216,0,6600
31740.0,216,0,6299
31800.0,216,0,6000
31860.0,216,0,6300
31920.0,216,0,6600
31980.0,216,0,6900
32040.0,216,0,7200
32100.0,216,0,7500
32160.0,216,0,7800
32220.0,216,0,8100
32280.0,216,0,8399
32340.0,216,0,8700
32400.0,216,0,9000
32460.0,216,0,8700
32520.0,216,0,8400
32580.0,216,0,8100
32640.0,216,0,7800
32700.0,216,0,7500
32760.0,216,0,7200
32820.0,216,0,6900
32880.0,216,0,6600
32940.0,216,0,6299
33000.0,216,0,6000
33060.0,216,0,6000
33120.0,216,0,6000
33180.0,216,0,6000
33240.0,216,0,6000
33300.0,216,0,6000
33360.0,216,0,6000
33420.0,216,0,6000
33480.0,216,0,6000
33540.0,216,0,6000
33600.0,216,0,6000
33660.0,216,0,5700
33720.0,216,0,5400
33780.0,216,0,5100
33840.0,216,0,4800
33900.0,216,0,4500
33960.0,216,0,4200
34020.0,216,0,3900
34080.0,216,0,3600
34140.0,216,0,3300
34200.0,216,0,3000
34260.0,216,0,3300
34320.0,216,0,3600
34380.0,216,0,3900
34440.0,216,0,4200
34500.0,216,0,4500
34560.0,216,0,4800
34620.0,216,0,5100
34680.0,216,0,5400
34740.0,216,0,5700
34800.0,216,0,6000
34860.0,216,0,6000
34920.0,216,0,6000
34980.0,216,0,6000
35040.0,216,0,6000
35100.0,216,0,6000
35160.0,216,0,6000
35220.0,216,0,6000
35280.0,216,0,6000
35340.0,216,0,6000
35400.0,216,0,6000
35460.0,216,0,5700
35520.0,216,0,5400
35580.0,216,0,5100
35640.0,216,0,4800
35700.0,216,0,4500
35760.0,216,0,4200
35820.0,216,0,3900
35880.0,216,0,3600
35940.0,216,0,3300
36000.0,216,0,3000
36060.0,216,0,3000
36120.0,216,0,3000
36180.0,216,0,3000
36240.0,216,0,3000
36300.0,216,0,3000
36360.0,216,0,3000
36420.0,216,0,3000
36480.0,216,0,3000
36540.0,216,0,3000
36600.0,216,0,3000
36660.0,216,0,3000
36720.0,216,0,3000
36780.0,216,0,3000
36840.0,216,0,3000
36900.0,216,0,3000
36960.0,216,0,3000
37020.0,216,0,3000
37080.0,216,0,3000
37140.0,216,0,3000
37200.0,216,0,3000
37260.0,216,0,3000
37320.0,216,0,3000
37380.0,216,0,3000
37440.0,216,0,3000
37500.0,216,0,3000
37560.0,216,0,3000
37620.0,216,0,3000
37680.0,216,0,3000
37740.0,216,0,3000
37800.0,216,0,3000
37860.0,216,0,3000
37920.0,216,0,3000
37980.0,216,0,3000
38040.0,216,0,3000
38100.0,216,0,3000
38160.0,216,0,3000
38220.0,216,0,3000
38280.0,216,0,3000
38340.0,216,0,3000
38400.0,216,0,3000
38460.0,216,0,3000
38520.0,216,0,3000
38580.0,216,0,3000
38640.0,216,0,3000
38700.0,216,0,3000
38760.0,216,0,3000
38820.0,216,0,3000
38880.0,216,0,3000
38940.0,216,0,3000
39000.0,216,0,3000
39060.0,216,0,3300
39120.0,216,0,3600
39180.0,216,0,3900
39240.0,216,0,4200
39300.0,216,0,4500
39360.0,216,0,4800
39420.0,216,0,5100
39480.0,216,0,5400
39540.0,216,0,5700
39600.0,216,0,6000
39660.0,216,0,6000
39720.0,216,0,6000
39780.0,216,0,6000
39840.0,216,0,6000
39900.0,216,0,6000
39960.0,216,0,6000
40020.0,216,0,6000
40080.0,216,0,6000
40140.0,216,0,6000
40200.0,216,0,6000
40260.0,216,0,5700
40320.0,216,0,5400
40380.0,216,0,5100
40440.0,216,0,4800
40500.0,216,0,4500
40560.0,216,0,4200
40620.0,216,0,3900
40680.0,216,0,3600
40740.0,216,0,3300
40800.0,216,0,3000
40860.0,216,0,3000
40920.0,216,0,3000
40980.0,216,0,3000
41040.0,216,0,3000
41100.0,216,0,3000
41160.0,216,0,3000
41220.0,216,0,3000
41280.0,216,0,3000
41340.0,216,0,3000
41400.0,216,0,3000
41460.0,216,0,3000
41520.0,216,0,3000
41580.0,216,0,3000
41640.0,216,0,3000
41700.0,216,0,3000
41760.0,216,0,3000
41820.0,216,0,3000
41880.0,216,0,3000
41940.0,216,0,3000
42000.0,216,0,3000
42060.0,216,0,3300
42120.0,216,0,3600
42180.0,216,0,3900
42240.0,216,0,4200
42300.0,216,0,4500
42360.0,216,0,4800
42420.0,216,0,5100
42480.0,216,0,5400
42540.0,216,0,5700
42600.0,216,0,6000
42660.0,216,0,5700
42720.0,216,0,5400
42780.0,216,0,5100
42840.0,216,0,4800
42900.0,216,0,4500
42960.0,216,0,4200
43020.0,216,0,3900
43080.0,216,0,3600
43140.0,216,0,3300
43200.0,216,0,3000
43260.0,216,0,3300
43320.0,216,0,3600
43380.0,216,0,3900
43440.0,216,0,4200
43500.0,216,0,4500
43560.0,216,0,4800
43620.0,216,0,5100
43680.0,216,0,5400
43740.0,216,0,5700
43800.0,216,0,6000
43860.0,216,0,5700
43920.0,216,0,5400
43980.0,216,0,5100
44040.0,216,0,4800
44100.0,216,0,4500
44160.0,216,0,4200
44220.0,216,0,3900
44280.0,216,0,3600
44340.0,216,0,3300
44400.0,216,0,3000
44460.0,216,0,3300
44520.0,216,0,3600
44580.0,216,0,3900
44640.0,216,0,4200
44700.0,216,0,4500
44760.0,216,0,4800
44820.0,216,0,5100
44880.0,216,0,5400
44940.0,216,0,5700
45000.0,216,0,6000
45060.0,216,0,5700
45120.0,216,0,5400
45180.0,216,0,5100
45240.0,216,0,4800
45300.0,216,0,4500
45360.0,216,0,4200
45420.0,216,0,3900
45480.0,216,0,3600
45540.0,216,0,3300
45600.0,216,0,3000
45660.0,216,0,3600
45720.0,216,0,4199
45780.0,216,0,4800
45840.0,216,0,5400
45900.0,216,0,5999
45960.0,216,0,6600
46020.0,216,0,7200
46080.0,216,0,7799
46140.0,216,0,8399
46200.0,216,0,9000
46260.0,216,0,8700
46320.0,216,0,8400
46380.0,216,0,8100
46440.0,216,0,7800
46500.0,216,0,7500
46560.0,216,0,7200
46620.0,216,0,6900
46680.0,216,0,6600
46740.0,216,0,6299
46800.0,216,0,6000
46860.0,216,0,6000
46920.0,216,0,6000
46980.0,216,0,6000
47040.0,216,0,6000
47100.0,216,0,6000
47160.0,216,0,6000
47220.0,216,0,6000
47280.0,216,0,6000
47340.0,216,0,6000
47400.0,216,0,6000
47460.0,216,0,5700
47520.0,216,0,5400
47580.0,216,0,5100
47640.0,216,0,4800
47700.0,216,0,4500
47760.0,216,0,4200
47820.0,216,0,3900
47880.0,216,0,3600
47940.0,216,0,3300
48000.0,216,0,3000
48060.0,216,0,3600
48120.0,216,0,4199
48180.0,216,0,4800
48240.0,216,0,5400
48300.0,216,0,5999
48360.0,216,0,6600
48420.0,216,0,7200
48480.0,216,0,7799
48540.0,216,0,8399
48600.0,216,0,9000
48660.0,216,0,8400
48720.0,216,0,7800
48780.0,216,0,7200
48840.0,216,0,6600
48900.0,216,0,6000
48960.0,216,0,5400
49020.0,216,0,4800
49080.0,216,0,4200
49140.0,216,0,3600
49200.0,216,0,3000
49260.0,216,0,3300
49320.0,216,0,3600
49380.0,216,0,3900
49440.0,216,0,4200
49500.0,216,0,4500
49560.0,216,0,4800
49620.0,216,0,5100
49680.0,216,0,5400
49740.0,216,0,5700
49800.0,216,0,6000
49860.0,216,0,6000
49920.0,216,0,6000
49980.0,216,0,6000
50040.0,216,0,6000
50100.0,216,0,6000
50160.0,216,0,6000
50220.0,216,0,6000
50280.0,216,0,6000
50340.0,216,0,6000
50400.0,216,0,6000
50460.0,216,0,6000
50520.0,216,0,6000
50580.0,216,0,6000
50640.0,216,0,6000
50700.0,216,0,6000
50760.0,216,0,6000
50820.0,216,0,6000
50880.0,216,0,6000
50940.0,216,0,6000
51000.0,216,0,6000
51060.0,216,0,5700
51120.0,216,0,5400
51180.0,216,0,5100
51240.0,216,0,4800
51300.0,216,0,4500
51360.0,216,0,4200
51420.0,216,0,3900
51480.0,216,0,3600
51540.0,216,0,3300
51600.0,216,0,3000
51660.0,216,0,3000
51720.0,216,0,3000
51780.0,216,0,3000
51840.0,216,0,3000
51900.0,216,0,3000
51960.0,216,0,3000
52020.0,216,0,3000
52080.0,216,0,3000
52140.0,216,0,3000
52200.0,216,0,3000
52260.0,216,0,3000
52320.0,216,0,3000
52380.0,216,0,3000
52440.0,216,0,3000
52500.0,216,0,3000
52560.0,216,0,3000
52620.0,216,0,3000
52680.0,216,0,3000
52740.0,216,0,3000
52800.0,216,0,3000
52860.0,216,0,3300
52920.0,216,0,3600
52980.0,216,0,3900
53040.0,216,0,4200
53100.0,216,0,4500
53160.0,216,0,4800
53220.0,216,0,5100
53280.0,216,0,5400
53340.0,216,0,5700
53400.0,216,0,6000
53460.0,216,0,5700
53520.0,216,0,5400
53580.0,216,0,5100
53640.0,216,0,4800
53700.0,216,0,4500
53760.0,216,0,4200
53820.0,216,0,3900
53880.0,216,0,3600
53940.0,216,0,3300
54000.0,216,0,3000
54060.0,216,0,3000
54120.0,216,0,3000
54180.0,216,0,3000
54240.0,216,0,3000
54300.0,216,0,3000
54360.0,216,0,3000
54420.0,216,0,3000
54480.0,216,0,3000
54540.0,216,0,3000
54600.0,216,0,3000
54660.0,216,0,3000
54720.0,216,0,3000
54780.0,216,0,3000
54840.0,216,0,3000
54900.0,216,0,3000
54960.0,216,0,3000
55020.0,216,0,3000
55080.0,216,0,3000
55140.0,216,0,3000
55200.0,216,0,3000
55260.0,216,0,3300
55320.0,216,0,3600
55380.0,216,0,3900
55440.0,216,0,4200
55500.0,216,0,4500
55560.0,216,0,4800
55620.0,216,0,5100
55680.0,216,0,5400
55740.0,216,0,5700
55800.0,216,0,6000
55860.0,216,0,5700
55920.0,216,0,5400
55980.0,216,0,5100
56040.0,216,0,4800
56100.0,216,0,4500
56160.0,216,0,4200
56220.0,216,0,3900
56280.0,216,0,3600
56340.0,216,0,3300
56400.0,216,0,3000
56460.0,216,0,3300
56520.0,216,0,3600
56580.0,216,0,3900
56640.0,216,0,4200
56700.0,216,0,4500
56760.0,216,0,4800
56820.0,216,0,5100
56880.0,216,0,5400
56940.0,216,0,5700
57000.0,216,0,6000
57060.0,216,0,6000
57120.0,216,0,6000
57180.0,216,0,6000
57240.0,216,0,6000
57300.0,216,0,6000
57360.0,216,0,6000
57420.0,216,0,6000
57480.0,216,0,6000
57540.0,216,0,6000
57600.0,216,0,6000
57660.0,216,0,5700
57720.0,216,0,5400
57780.0,216,0,5100
57840.0,216,0,4800
57900.0,216,0,4500
57960.0,216,0,4200
58020.0,216,0,3900
58080.0,216,0,3600
58140.0,216,0,3300
58200.0,216,0,3000
58260.0,216,0,3300
58320.0,216,0,3600
58380.0,216,0,3900
58440.0,216,0,4200
58500.0,216,0,4500
58560.0,216,0,4800
58620.0,216,0,5100
58680.0,216,0,5400
58740.0,216,0,5700
58800.0,216,0,6000
58860.0,216,0,5700
58920.0,216,0,5400
58980.0,216,0,5100
59040.0,216,0,4800
59100.0,216,0,4500
59160.0,216,0,4200
59220.0,216,0,3900
59280.0,216,0,3600
59340.0,216,0,3300
59400.0,216,0,3000
59460.0,216,0,3000
59520.0,216,0,3000
59580.0,216,0,3000
59640.0,216,0,3000
59700.0,216,0,3000
59760.0,216,0,3000
59820.0,216,0,3000
59880.0,216,0,3000
59940.0,216,0,3000
60000.0,216,0,3000
60060.0,216,0,3300
60120.0,216,0,3600
60180.0,216,0,3900
60240.0,216,0,4200
60300.0,216,0,4500
60360.0,216,0,4800
60420.0,216,0,5100
60480.0,216,0,5400
60540.0,216,0,5700
60600.0,216,0,6000
60660.0,216,0,5700
60720.0,216,0,5400
60780.0,216,0,5100
60840.0,216,0,4800
60900.0,216,0,4500
60960.0,216,0,4200
61020.0,216,0,3900
61080.0,216,0,3600
61140.0,216,0,3300
61200.0,216,0,3000
61260.0,216,0,3300
61320.0,216,0,3600
61380.0,216,0,3900
61440.0,216,0,4200
61500.0,216,0,4500
61560.0,216,0,4800
61620.0,216,0,5100
61680.0,216,0,5400
61740.0,216,0,5700
61800.0,216,0,6000
61860.0,216,0,5700
61920.0,216,0,5400
61980.0,216,0,5100
62040.0,216,0,4800
62100.0,216,0,4500
62160.0,216,0,4200
62220.0,216,0,3900
62280.0,216,0,3600
62340.0,216,0,3300
62400.0,216,0,3000
62460.0,216,0,3000
62520.0,216,0,3000
62580.0,216,0,3000
62640.0,216,0,3000
62700.0,216,0,3000
62760.0,216,0,3000
62820.0,216,0,3000
62880.0,216,0,3000
62940.0,216,0,3000
63000.0,216,0,3000
63060.0,216,0,3000
63120.0,216,0,3000
63180.0,216,0,3000
63240.0,216,0,3000
63300.0,216,0,3000
63360.0,216,0,3000
63420.0,216,0,3000
63480.0,216,0,3000
63540.0,216,0,3000
63600.0,216,0,3000
63660.0,216,0,3300
63720.0,216,0,3600
63780.0,216,0,3900
63840.0,216,0,4200
63900.0,216,0,4500
63960.0,216,0,4800
64020.0,216,0,5100
64080.0,216,0,5400
64140.0,216,0,5700
64200.0,216,0,6000
64260.0,216,0,6000
64320.0,216,0,6000
64380.0,216,0,6000
64440.0,216,0,6000
64500.0,216,0,6000
64560.0,216,0,6000
64620.0,216,0,6000
64680.0,216,0,6000
64740.0,216,0,6000
64800.0,216,0,6000
64860.0,216,0,5700
64920.0,216,0,5400
64980.0,216,0,5100
65040.0,216,0,4800
65100.0,216,0,4500
65160.0,216,0,4200
65220.0,216,0,3900
65280.0,216,0,3600
65340.0,216,0,3300
65400.0,216,0,3000
65460.0,216,0,3000
65520.0,216,0,3000
65580.0,216,0,3000
65640.0,216,0,3000
65700.0,216,0,3000
65760.0,216,0,3000
65820.0,216,0,3000
65880.0,216,0,3000
65940.0,216,0,3000
66000.0,216,0,3000
66060.0,216,0,3600
66120.0,216,0,4199
66180.0,216,0,4800
66240.0,216,0,5400
66300.0,216,0,5999
66360.0,216,0,6600
66420.0,216,0,7200
66480.0,216,0,7799
66540.0,216,0,8399
66600.0,216,0,9000
66660.0,216,0,8700
66720.0,216,0,8400
66780.0,216,0,8100
66840.0,216,0,7800
66900.0,216,0,7500
66960.0,216,0,7200
67020.0,216,0,6900
67080.0,216,0,6600
67140.0,216,0,6299
67200.0,216,0,6000
67260.0,216,0,6000
67320.0,216,0,6000
67380.0,216,0,6000
67440.0,216,0,6000
67500.0,216,0,6000
67560.0,216,0,6000
67620.0,216,0,6000
67680.0,216,0,6000
67740.0,216,0,6000
67800.0,216,0,6000
67860.0,216,0,6000
67920.0,216,0,6000
67980.0,216,0,6000
68040.0,216,0,6000
68100.0,216,0,6000
68160.0,216,0,6000
68220.0,216,0,6000
68280.0,216,0,6000
68340.0,216,0,6000
68400.0,216,0,6000
68460.0,216,0,6000
68520.0,216,0,6000
68580.0,216,0,6000
68640.0,216,0,6000
68700.0,216,0,6000
68760.0,216,0,6000
68820.0,216,0,6000
68880.0,216,0,6000
68940.0,216,0,6000
69000.0,216,0,6000
69060.0,216,0,5700
69120.0,216,0,5400
69180.0,216,0,5100
69240.0,216,0,4800
69300.0,216,0,4500
69360.0,216,0,4200
69420.0,216,0,3900
69480.0,216,0,3600
69540.0,216,0,3300
69600.0,216,0,3000
69660.0,216,0,3000
69720.0,216,0,3000
69780.0,216,0,3000
69840.0,216,0,3000
69900.0,216,0,3000
69960.0,216,0,3000
70020.0,216,0,3000
70080.0,216,0,3000
70140.0,216,0,3000
70200.0,216,0,3000
70260.0,216,0,3000
70320.0,216,0,3000
70380.0,216,0,3000
70440.0,216,0,3000
70500.0,216,0,3000
70560.0,216,0,3000
70620.0,216,0,3000
70680.0,216,0,3000
70740.0,216,0,3000
70800.0,216,0,3000
70860.0,216,0,3000
70920.0,216,0,3000
70980.0,216,0,3000
71040.0,216,0,3000
71100.0,216,0,3000
71160.0,216,0,3000
71220.0,216,0,3000
71280.0,216,0,3000
71340.0,216,0,3000
71400.0,216,0,3000
71460.0,216,0,3000
71520.0,216,0,3000
71580.0,216,0,3000
71640.0,216,0,3000
71700.0,216,0,3000
71760.0,216,0,3000
71820.0,216,0,3000
71880.0,216,0,3000
71940.0,216,0,3000
72000.0,216,0,3000
72060.0,216,0,3000
72120.0,216,0,3000
72180.0,216,0,3000
72240.0,216,0,3000
72300.0,216,0,3000
72360.0,216,0,3000
72420.0,216,0,3000
72480.0,216,0,3000
72540.0,216,0,3000
72600.0,216,0,3000
72660.0,216,0,3000
72720.0,216,0,3000
72780.0,216,0,3000
72840.0,216,0,3000
72900.0,216,0,3000
72960.0,216,0,3000
73020.0,216,0,3000
73080.0,216,0,3000
73140.0,216,0,3000
73200.0,216,0,3000
73260.0,216,0,3300
73320.0,216,0,3600
73380.0,216,0,3900
73440.0,216,0,4200
73500.0,216,0,4500
73560.0,216,0,4800
73620.0,216,0,5100
73680.0,216,0,5400
73740.0,216,0,5700
73800.0,216,0,6000
73860.0,216,0,6000
73920.0,216,0,6000
73980.0,216,0,6000
74040.0,216,0,6000
74100.0,216,0,6000
74160.0,216,0,6000
74220.0,216,0,6000
74280.0,216,0,6000
74340.0,216,0,6000
74400.0,216,0,6000
74460.0,216,0,5700
74520.0,216,0,5400
74580.0,216,0,5100
74640.0,216,0,4800
74700.0,216,0,4500
74760.0,216,0,4200
74820.0,216,0,3900
74880.0,216,0,3600
74940.0,216,0,3300
75000.0,216,0,3000
75060.0,216,0,3000
75120.0,216,0,3000
75180.0,216,0,3000
75240.0,216,0,3000
75300.0,216,0,3000
75360.0,216,0,3000
75420.0,216,0,3000
75480.0,216,0,3000
75540.0,216,0,3000
75600.0,216,0,3000
75660.0,216,0,3300
75720.0,216,0,3600
75780.0,216,0,3900
75840.0,216,0,4200
75900.0,216,0,4500
75960.0,216,0,4800
76020.0,216,0,5100
76080.0,216,0,5400
76140.0,216,0,5700
76200.0,216,0,6000
76260.0,216,0,6000
76320.0,216,0,6000
76380.0,216,0,6000
76440.0,216,0,6000
76500.0,216,0,6000
76560.0,216,0,6000
76620.0,216,0,6000
76680.0,216,0,6000
76740.0,216,0,6000
76800.0,216,0,6000
76860.0,216,0,5700
76920.0,216,0,5400
76980.0,216,0,5100
77040.0,216,0,4800
77100.0,216,0,4500
77160.0,216,0,4200
77220.0,216,0,3900
77280.0,216,0,3600
77340.0,216,0,3300
77400.0,216,0,3000
77460.0,216,0,3000
77520.0,216,0,3000
77580.0,216,0,3000
77640.0,216,0,3000
77700.0,216,0,3000
77760.0,216,0,3000
77820.0,216,0,3000
77880.0,216,0,3000
77940.0,216,0,3000
78000.0,216,0,3000
78060.0,216,0,3000
78120.0,216,0,3000
78180.0,216,0,3000
78240.0,216,0,3000
78300.0,216,0,3000
78360.0,216,0,3000
78420.0,216,0,3000
78480.0,216,0,3000
78540.0,216,0,3000
78600.0,216,0,3000
78660.0,216,0,3000
78720.0,216,0,3000
78780.0,216,0,3000
78840.0,216,0,3000
78900.0,216,0,3000
78960.0,216,0,3000
79020.0,216,0,3000
79080.0,216,0,3000
79140.0,216,0,3000
79200.0,216,0,3000
79260.0,216,0,3300
79320.0,216,0,3600
79380.0,216,0,3900
79440.0,216,0,4200
79500.0,216,0,4500
79560.0,216,0,4800
79620.0,216,0,5100
79680.0,216,0,5400
79740.0,216,0,5700
79800.0,216,0,6000
79860.0,216,0,6000
79920.0,216,0,6000
79980.0,216,0,6000
80040.0,216,0,6000
80100.0,216,0,6000
80160.0,216,0,6000
80220.0,216,0,6000
80280.0,216,0,6000
80340.0,216,0,6000
80400.0,216,0,6000
80460.0,216,0,6000
80520.0,216,0,6000
80580.0,216,0,6000
80640.0,216,0,6000
80700.0,216,0,6000
80760.0,216,0,6000
80820.0,216,0,6000
80880.0,216,0,6000
80940.0,216,0,6000
81000.0,216,0,6000
81060.0,216,0,6000
81120.0,216,0,6000
81180.0,216,0,6000
81240.0,216,0,6000
81300.0,216,0,6000
81360.0,216,0,6000
81420.0,216,0,6000
81480.0,216,0,6000
81540.0,216,0,6000
81600.0,216,0,6000
81660.0,216,0,5700
81720.0,216,0,5400
81780.0,216,0,5100
81840.0,216,0,4800
81900.0,216,0,4500
81960.0,216,0,4200
82020.0,216,0,3900
82080.0,216,0,3600
82140.0,216,0,3300
82200.0,216,0,3000
82260.0,216,0,3000
82320.0,216,0,3000
82380.0,216,0,3000
82440.0,216,0,3000
82500.0,216,0,3000
82560.0,216,0,3000
82620.0,216,0,3000
82680.0,216,0,3000
82740.0,216,0,3000
82800.0,216,0,3000
82860.0,216,0,3300
82920.0,216,0,3600
82980.0,216,0,3900
83040.0,216,0,4200
83100.0,216,0,4500
83160.0,216,0,4800
83220.0,216,0,5100
83280.0,216,0,5400
83340.0,216,0,5700
83400.0,216,0,6000
83460.0,216,0,6000
83520.0,216,0,6000
83580.0,216,0,6000
83640.0,216,0,6000
83700.0,216,0,6000
83760.0,216,0,6000
83820.0,216,0,6000
83880.0,216,0,6000
83940.0,216,0,6000
84000.0,216,0,6000
84060.0,216,0,5700
84120.0,216,0,5400
84180.0,216,0,5100
84240.0,216,0,4800
84300.0,216,0,4500
84360.0,216,0,4200
84420.0,216,0,3900
84480.0,216,0,3600
84540.0,216,0,3300
84600.0,216,0,3000
84660.0,216,0,3300
84720.0,216,0,3600
84780.0,216,0,3900
84840.0,216,0,4200
84900.0,216,0,4500
84960.0,216,0,4800
85020.0,216,0,5100
85080.0,216,0,5400
85140.0,216,0,5700
85200.0,216,0,6000
85260.0,216,0,6000
85320.0,216,0,6000
85380.0,216,0,6000
85440.0,216,0,6000
85500.0,216,0,6000
85560.0,216,0,6000
85620.0,216,0,6000
85680.0,216,0,6000
85740.0,216,0,6000
85800.0,216,0,6000
85860.0,216,0,6000
85920.0,216,0,6000
85980.0,216,0,6000
86040.0,216,0,6000
86100.0,216,0,6000
86160.0,216,0,6000
86220.0,216,0,6000
86280.0,216,0,6000
86340.0,216,0,6000
